100
768398400
39999600001
31100733316
37284134281
19185574144
13852819204
21041533249
17407899721
10053872361
11373369316
36567000625
2126039881
16590470416
6237366529
7186800625
15318270289
14709808656
9020820484
14737921
8841828961
3638261124
20512254841
17434561600
3317875201
3366088324
5882276416
15278937664
22452025600
7354434564
30869787204
734193216
423289476
3559196281
341362576
12995544004
5014480969
13966512400
12181095424
13195116900
45239076
17068377316
37558440000
17010941476
4121896804
7445618944
1958505025
32154586489
798288516
5404602256
378419209
7599829329
38736931489
31823705664
2711389041
26000272516
11536693281
19820134656
8026188921
401882209
396607225
33820681216
4965457156
20407265316
8808573316
39911249284
28303015225
893471881
32738197969
30148071424
56445169
1056250000
10336382224
15157795689
1113623641
613305225
24278937489
28767212881
29926924036
26072883841
6770492089
12956130625
783776016
6632473600
44156025
191379556
38621289529
19458018064
5574414244
8228848369
7059192361
20856269889
102394161
30027344656
5344048609
38068692544
11062276
29298484224
2129914801
5489649
23405634121
