100
54192375991353600
999999874000003969
3532281489
877971827868277081
112129453555313769
86267633005644484
208689181126512100
734271200401987600
903686139574598241
39730486321055929
532921910445210049
239870356656796996
544916965780817569
269419184079714601
53545778582553664
717243854669080036
60693884717741521
615833257788696249
893426397935070736
74347710615430756
113450843500323904
52460233183160100
309596292348233284
256582161726202404
759285134206641
583783574492550721
49626161468028601
27234241444112004
207938322870487209
615136403591942400
161412669288945936
481526567968691716
247765337162023041
53234687807809225
88864537689621136
40083238459008144
396969169453351236
751919131549147849
860363639301252100
643477469357384676
15926155294072384
525062289683712400
308615348598991281
88394664977634409
20109240564158916
35271458731808784
592472297501172841
572176479582463441
180851059336325161
247311006834165169
368590453071881049
814331659901886361
38728362550752900
48388093012405969
24189301257868201
31372642148097600
274624677565230916
17966313852633441
145798934796495289
601133827019178436
1069200011493376
675292345823163289
643330651658049936
646209301694130916
9885205151048161
941601793893869124
54515567901747481
8023529781408964
647229590278698025
351544819989271104
617246222618336481
393852144112724025
2398878083025649
50436467905261201
98402057910786529
94908779243109225
66867718058860761
528828477716871721
11597093885558416
4581509933669904
311211337639489
355959989750878276
996152719527144036
98435170102500
517417537767742921
800072723950008336
710735863688207361
91509515214127609
570586518466650625
396463059081571876
38034759596150529
4715767221045136
302696156289107025
271898275099718281
388441012486630321
715068024436068601
885745135810754244
424058926371724900
131838280394022225
54994130105442529
