100
768398400
39999600001
38311015824
8973015076
25548186244
25660515721
8519290000
10836810000
24370956544
18436751524
559606336
20774321689
16381440100
13551055281
822083584
11551735441
35699079364
23021992900
10893931876
448719489
6878380096
8972636176
2799891396
1388903824
23979451609
21723812100
8323642756
1875929344
12925870864
731432025
14130081
4203058561
15260155024
896223969
14987635776
1977314089
15225585664
5975444601
35629205049
32589997729
18596776900
8098920036
5170329025
15035173924
7640508100
32571947529
19469179024
394300449
145106116
37624360900
17784622881
17065241956
17991661689
1168545856
1770642241
5131429956
664969369
22543220736
3980221921
14779508041
5291835025
4226560144
13006033936
59074596
7695500176
16093459600
39078568489
36786472804
416568100
17046958096
1745317729
16133318289
1040965696
39628068624
17063413129
13543140625
2566536921
6868597129
8698546756
9014363136
2390036544
15551835849
1010985616
4570436025
487349776
18213121936
17232337984
4025014249
763859044
24235016976
1545983761
36070366084
5438767504
17559165121
26963610436
7371225
377214084
15518930625
28088419216
18154328644
