100
44100
44521
44944
45369
45796
46225
46656
47089
47524
47961
48400
48841
49284
49729
50176
50625
51076
51529
51984
52441
52900
53361
53824
54289
54756
55225
55696
56169
56644
57121
57600
58081
58564
59049
59536
60025
60516
61009
61504
62001
62500
63001
63504
64009
64516
65025
65536
66049
66564
67081
67600
68121
68644
69169
69696
70225
70756
71289
71824
72361
72900
73441
73984
74529
75076
75625
76176
76729
77284
77841
78400
78961
79524
80089
80656
81225
81796
82369
82944
83521
84100
84681
85264
85849
86436
87025
87616
88209
88804
89401
90000
90601
91204
91809
92416
93025
93636
94249
94864
95481
