100
54192375991353600
999999874000003969
149400414506156004
614375983962674404
648517046577524721
33961316527409296
132810735831077329
312994141065016849
276307055178180625
3404135407610961
132483258850320004
46115258261283225
37143391250059264
395517667915876
33707291831038849
726289869241563561
247632329567129809
57810094269540804
881844141003162624
137506391091005764
993051514481129401
426548157815623936
572079243962795209
410437383708592384
1168736268636225
708007145892876025
31272033689390025
288260691901731025
445299111375554881
2925126541944721
384145191240525625
563476692600515716
65247277290637156
82352332457263521
434598593239410084
531685972224000000
330776054799407569
861212087077007689
401209515190152256
649979194978488384
614597290777978249
112190423293695321
354159821983491225
182830314182331456
52007972859184356
50768208334176256
57047694987707649
39969293095475524
55168776937079716
374023887665605776
630573563239370884
235660133528211456
277335079745524641
59626118388790801
533965312801407204
74590816736881636
8387888790234724
3882329108938921
3669782043783076
217576819003300416
274378748390439001
112083188407899076
894861969079559364
559045009172265625
164517806669554809
439841059048829881
37190343775776361
339310475468155129
702174954005056
842052796629385104
5214102421222564
637899740315415081
532159218558168721
264081794348765449
237318311394612529
528544713494791249
331945986695756521
424855848512747584
926971260097880089
588902743117200121
254135731241600289
54238386028432321
239749262702616676
506908115835040000
947233106385734169
79942049535543001
21708871092561636
491679535127104
60576223475640625
663089177119082884
896042321207814400
118071813199018849
943071966493155625
169530831423605961
480811790693224225
399045768063483025
121539870333473344
796255482691631169
311403779974494736
456116691881917924
