100
12100
12321
12544
12769
12996
13225
13456
13689
13924
14161
14400
14641
14884
15129
15376
15625
15876
16129
16384
16641
16900
17161
17424
17689
17956
18225
18496
18769
19044
19321
19600
19881
20164
20449
20736
21025
21316
21609
21904
22201
22500
22801
23104
23409
23716
24025
24336
24649
24964
25281
25600
25921
26244
26569
26896
27225
27556
27889
28224
28561
28900
29241
29584
29929
30276
30625
30976
31329
31684
32041
32400
32761
33124
33489
33856
34225
34596
34969
35344
35721
36100
36481
36864
37249
37636
38025
38416
38809
39204
39601
40000
40401
40804
41209
41616
42025
42436
42849
43264
43681
