100
768398400
39999600001
369446841
37790193609
38142090000
30851517316
8786062756
10389521041
38165529600
124188736
14634708676
8142535696
21862283881
15984004
61434244
7805015716
3199486096
38386605625
577969681
5168459664
3508311361
9251169489
563920009
18971756644
4044960000
31012266609
6865116736
33729159025
164608900
1880696689
19182250000
12778719849
12842555625
29938688784
2817486400
10362832804
10952459716
33617955904
353026521
33944009121
13269657636
276357376
34546541689
3085358116
4059856089
3504384
17819046144
28383825625
694902321
16754713600
20526865984
28319504656
3350557456
2803596601
1342489600
6331066624
13761166864
12225503761
16176484
1088340100
27487982025
5470821225
883600
857904100
18378953761
12979817041
2916432016
19811407009
21622232025
3329059204
37035462916
7510128921
2475361009
22869907984
13279335696
6276283729
14021638569
32118016225
13099947025
16330284100
1990855161
31797309124
36312351364
18500624289
7997546041
8071944336
28658765521
38307101284
19572569604
540190564
3539060100
23534934921
26492770756
6784487424
6289283025
18250388836
31056307984
2496201444
13516387600
3924646609
