100
54192375991353600
999999874000003969
238860724330037209
61895333105826529
890530426850564809
279385185646724004
590327820311331844
736399526107366564
272494285585061904
458245485022792489
578813265096119524
881269511491393600
286090193736504004
98990863333578225
822338367317302564
830916476557532401
43544575347156900
440152695963362209
689485251006380196
202008430943089
139009028044331025
857287248992297929
25301686313941444
702205006725306756
263832424938194436
654706248213196804
285230674108107225
18893114117641
471458541834221769
83724199117200964
156629701723737025
194271652809781561
21607692013793601
211417726549763556
779233786364386809
102275380018469284
41553862779741316
185513320540280329
301427986150028929
16784359142327296
58012851224162041
11037544346239524
190155783787650916
857052111079788100
373547589506047609
136119377029411216
717486404335758864
947520321316968025
195105752311541824
690772088466746001
148814440027974009
127957794816524544
184005562874020416
7583267409113764
105033313052572356
191206692666015625
692866293177897216
62180165726159121
989057228979982096
20237200004945169
122009990501511225
3290972230064016
606998400923242441
224309899966441
150556261998769
328104890969839281
684598668312038841
106956773913276225
24895398090955536
898635187893254436
7290801613488481
72417015022185409
9256465120775625
529060438209737281
520714979662835556
757224104467945009
69411719070959521
215310322990208356
203898133108554481
652214998010924100
358166553955351684
793486558756890625
853794082775746225
165636314052892225
609426655346887225
10747336202809600
84252247501690129
75640281971950656
19931390886102084
403968982470604849
3535220586513841
261748376451931009
104871741963108624
274487720432883049
79212537082833961
242385140377672516
239881707598948804
317281015905283089
538268361520720516
225254971038032896
