100
60409
26827
70027
19177
15049
74429
47759
41707
37001
55123
23533
45803
28841
76127
33017
60023
47477
37391
45743
72731
24613
43229
38407
25853
18209
46517
40309
26827
21509
61517
72217
27007
31243
16637
63001
34547
61771
19043
16637
22261
43423
31621
67591
28013
40727
28013
57311
23381
43229
24649
22201
58081
12769
11449
10201
49729
94249
10201
57121
76729
72361
97969
24649
63001
51529
18769
11449
39601
38809
51529
97969
72361
80089
52441
27889
19321
96721
37249
22201
80089
94249
38809
94249
63001
72361
38809
54289
63001
78961
38809
25679
82981
83443
16223
58687
75347
881
97127
31069
84977
