100
36481
86701
27233
41291
49051
43139
42167
37001
88013
54707
61423
41989
46339
41707
41449
44197
19493
40913
37523
28103
58853
54053
14351
17113
38579
50621
22969
74329
38957
26549
35941
18857
59783
42733
57181
47941
12317
50689
48443
86701
37211
28943
26069
29999
30397
77837
49051
28321
18643
33491
41693
34933
26857
48613
31613
41869
26563
53111
66049
21877
39203
17869
18769
13231
51917
39059
51269
70303
56977
27707
26069
24503
54707
46637
46357
55189
59291
59701
79927
36349
24881
19321
19043
68461
49601
61267
35909
16459
11449
37627
46129
75433
40991
28907
28381
27499
47477
46513
48319
71033
