100
41003
54253
27331
37249
34121
21877
27007
38957
34163
42059
29929
57121
73441
10201
11881
52441
76729
57121
11881
96721
97969
80089
37249
39601
97969
11449
52441
37249
66049
10201
10609
36481
24649
97969
12769
29929
24649
38809
12769
58081
26569
80089
32761
85849
11449
19321
58081
49729
49729
78961
22801
39601
39601
85849
11881
85849
51529
11881
94249
24649
26569
10201
57121
76729
16129
54289
63001
76729
24649
22801
18769
32041
51529
49729
10201
17161
76729
29929
10201
16129
58081
49729
22801
63001
66049
24649
96721
36481
22201
69169
51529
32041
51529
80089
49729
54289
19321
80089
96721
58081
