100
47897
69527
64349
58447
41449
41707
29987
30281
46961
35263
77351
79589
49481
44383
53593
35531
91943
82037
5323
30091
6661
61961
1367
33091
81701
95257
75821
11317
85819
85829
97609
43759
78121
78301
42457
48661
76103
65267
9343
69821
61027
55049
11617
50341
93937
73757
48799
8287
37699
43753
22907
15473
75431
71437
41969
18301
53617
10853
1259
28703
58657
12163
58067
18913
58573
34877
93851
89443
65563
41387
32309
58171
40037
89413
67231
7687
4423
96643
63853
62483
64333
14083
17749
32183
10267
72901
27883
57667
32653
28789
53791
2699
40189
60413
98773
95441
7933
62467
17599
60509
